15313
11706
3231
16780
10276
12674
4246
5657
10910
9141
10501
6106
12961
17462
6582
5486
13378
15385
4429
4579
13681
13356
15149
1572
3382

12682
2242
8454
2951
7407
16742
7952
9880
8906
11133
6746
511
11886
11285
12980
4459
3711
2082
14829
11705
5822
2992
16242
12729
14367

340
3887
9418
9110
11746
5807
6903
7198
10846
5295
11965
9399
5230
13138
12207
17092
5316
7501
7793
8447
16802
9461
228
4004
4281

5479
4398
9152
16627
5943
10869
7925
3822
9324
15337
2929
8078
4469
13007
16236
5255
3053
1700
3659
15904
8364
8510
5910
14539
11192

4954
16881
15183
864
6745
15496
8649
3215
10519
17432
16560
1659
5195
16345
14681
401
3962
13233
5781
10336
8334
5001
1946
16186
2206

7415
16036
10035
13377
5228
11806
5580
8619
17466
4106
11137
4062
14594
517
3711
7378
8624
15834
11312
16066
7078
8827
8076
8983
17181

14924
4743
210
17633
16600
9567
1308
5913
13573
15839
6081
15149
15209
5837
7075
6319
13944
11276
7201
12770
6972
15082
3127
8876
11995

16667
7370
5011
5370
4809
1380
2994
13664
12687
10335
9602
6324
14658
1856
14878
17918
17985
15394
10532
13272
844
652
13975
15677
14685

8086
17214
5321
14305
6253
13225
4125
6811
9590
9230
12211
15105
4052
8789
2406
2442
971
8599
14370
16182
11479
3463
5214
2939
10899

4011
2800
11993
10599
2466
13299
15037
11988
13967
16067
16144
17587
806
14376
16147
13367
4292
12144
14566
12943
3908
8459
5671
3631
9929

13358
5300
835
1708
14129
9661
14810
5506
13221
12482
2461
901
14726
634
6464
9571
2377
2576
8805
8553
5999
4876
11563
11988
7445

13438
12668
8749
5198
8033
274
2404
4995
1284
10364
14494
12135
12338
2282
4247
9436
13119
11956
11549
7204
9272
6792
5205
8053
709

13425
11407
3884
13983
9830
3617
14974
661
14643
3094
15718
6298
6985
16734
16297
5688
9541
11997
296
5628
4226
9292
15161
8614
5353

10413
9219
7598
15916
11335
12003
3212
6315
5018
3588
727
5669
14746
11766
418
9708
940
4996
15958
174
16422
10306
15024
12627
14644

14546
4385
16625
4537
6775
384
14347
6318
902
8976
6881
12849
3212
1235
3690
2955
10872
2623
7997
12485
11129
7184
15257
3832
10546

11337
9259
9155
17317
1938
918
2570
5479
11907
4349
16242
9664
5848
5436
14483
2939
15843
17777
10704
6213
3836
5618
2405
13730
17931

3607
623
8620
7636
432
6344
3790
7102
7930
349
297
4440
5752
4785
5312
5332
8733
2523
535
114
2901
8305
7991
1288
8587

7035
1528
3951
7511
4192
6463
8321
1881
3510
1120
8444
8205
4066
6331
3440
740
3641
7296
6139
7256
2776
3618
5768
3029
7240

7715
3424
8840
7727
275
5424
4031
484
1891
4286
3587
4219
1511
4981
2597
6069
6913
2335
353
3662
5936
5928
8854
251
3838

3608
5432
8750
1787
8778
8770
8995
1115
5963
4623
1955
2723
7746
5147
4707
6693
7083
5855
2924
5960
8152
4867
1271
8679
7374

6233
12487
1054
10039
6427
513
5306
4768
6163
2111
6272
7319
1781
3217
8915
7140
12986
7649
9142
7847
8323
12325
2383
8379
809

2410
640
9942
8919
1118
8983
8872
7760
7764
10837
9151
12539
9320
2857
6390
2370
11419
4831
8527
2060
10256
7861
12384
4737
4269

2001
8453
9131
3870
9645
6013
12825
6700
2232
3701
11054
87
7237
11214
2475
10440
7999
5651
10873
2253
670
4361
12947
12343
5462

6835
2154
12652
394
304
8102
7699
4964
3242
4134
7334
4514
4861
12525
8947
10570
11065
5227
12736
10113
6038
11191
2893
12555
4790

7060
3846
11184
10550
1507
9806
8971
5840
528
9882
3934
5432
4797
8008
698
8166
7552
10745
10495
783
3575
10798
11622
2483
513

3717
5284
970
8187
861
6823
62
8552
12146
8567
1815
4643
2485
937
12270
8213
6120
3962
10579
6736
3235
2076
10264
5120
7342

2929
10797
9774
11920
11939
9533
1651
3724
10494
5251
10497
9980
7037
11204
3820
4410
744
653
1034
11660
11147
3285
2814
10244
848

8811
3953
9564
8411
7281
12904
2892
8640
12358
10765
1484
8709
2853
3674
7138
5013
2324
1441
11584
8215
8442
9793
11061
662
3109

4786
9325
7265
1044
2762
106
7939
3657
6753
9737
3950
11546
9369
271
831
2888
11018
4898
2056
7322
2789
2910
7346
3674
414

3742
10267
8987
5552
10883
816
925
6037
5546
12764
7509
1821
7040
888
12580
130
8725
11613
5091
697
284
5227
10550
8049
3785

10595
12502
10505
8698
190
1917
5921
6556
8368
7783
12271
11473
3012
6945
5799
9063
7099
7509
10842
8626
240
8690
5423
1648
6977

2021
11353
5745
1473
4282
2894
2217
12230
3314
6015
4257
1646
5149
6866
5707
12561
2504
7411
2944
12394
5767
2063
4149
11138
1046

8146
4642
874
6031
1545
6884
3131
7021
8933
1940
6771
1433
578
3597
3606
4834
6110
7669
6695
6595
6981
2244
3900
6093
7727

4063
6032
8065
3561
6034
4731
8901
4075
3209
7636
5673
6629
2619
2851
6107
8365
7275
8182
332
1639
265
5139
144
8057
4339

1238
771
4244
4586
5692
552
4936
3799
8200
8764
2962
3928
2184
846
237
563
7447
7608
902
6746
3989
5628
8385
2525
3366

7915
7224
5595
4819
1118
5172
6023
2111
8981
2294
5558
2893
7507
6432
4259
5237
6287
1717
5212
872
2786
7534
7913
8572
6893

4678
504
1084
4977
2260
5412
4978
7780
1308
3098
4784
7909
4883
8577
856
2425
8991
4066
8441
7961
1504
7636
4543
2124
1818

5020
1332
1426
1984
3799
966
6874
4626
7014
6927
5412
6013
1899
1195
6831
4311
2834
5819
4429
5152
788
5763
7636
8362
2515

3213
6091
903
3497
1882
3144
6798
7182
2230
4568
3130
8349
8952
1342
960
1563
6507
3726
2393
7518
8956
4489
3845
1771
6877

2086
2012
3753
5665
8758
8917
8214
8113
6044
8931
4233
8740
935
7600
3705
998
4978
1692
6788
2139
3927
2879
4150
3218
6185

4095
4942
3444
154
4717
388
6844
4782
8350
4514
7992
5071
4213
1047
5392
8998
6792
1751
932
7387
6705
1499
5729
503
6479

1198
6599
7747
8249
3273
4316
8707
2231
800
2824
2917
177
3522
8556
3155
2937
8945
7063
7759
7666
2387
6233
3466
1186
7422

4466
2535
8511
6356
4317
7444
3545
1523
2286
1313
3550
7971
8619
6289
7047
3754
2226
7524
8424
5476
7064
7070
7710
6879
8636

2942
8613
2260
3579
2854
3149
4279
3655
1637
2953
177
7851
4167
7594
836
2711
4672
2059
3110
5463
4693
894
4818
8982
8585

3351
4369
7153
8364
5307
2498
2706
6947
2630
5761
8210
4261
152
460
4471
7520
5386
1450
6253
2979
7642
6836
1867
8809
3290

5931
2906
7374
1450
4931
8111
8036
553
738
7107
8840
2846
1966
1553
6831
6092
718
6074
3540
2446
3909
1163
1161
8703
1975

7173
7239
4919
3619
4395
7299
8683
7828
4182
4659
1186
8776
2053
6855
1571
7392
2725
5508
7958
3309
8041
2158
987
8608
7868

3603
1652
8316
8111
6524
720
4845
5128
6732
8028
5678
4014
3202
3539
8402
4404
1181
8088
2851
7658
8019
3397
7515
2591
5081

7072
6551
4161
4023
7980
2722
1862
6974
3613
8319
3940
4653
1794
1673
6894
2282
3355
6165
192
215
4215
6738
7521
558
7624

7794
1415
3717
1223
5016
586
4713
8944
8101
4834
326
8728
8580
7983
1598
481
7947
3879
3000
5702
6066
5151
5625
8723
8401

8066
5071
8558
3956
519
1324
7970
6949
1945
814
2446
5135
4657
1999
441
6380
5959
4295
5438
8594
8139
2892
8067
4317
8371

8020
3771
8357
8369
5524
3299
5631
7616
5188
2592
7992
1877
4109
6472
3194
1730
3562
6912
6291
4836
7213
3570
711
6706
6261
